<?xml version="1.0"?>
<opencv_storage>
<D type_id="opencv-matrix">
  <rows>1</rows>
  <cols>5</cols>
  <dt>d</dt>
  <data>
    -4.0159208996055945e-001 3.5972825004270326e-001
    8.5648667003163960e-004 4.3470188903429790e-004
    -3.0792455215362513e-001</data></D>
</opencv_storage>
