<?xml version="1.0"?>
<opencv_storage>
<I type_id="opencv-matrix">
  <rows>3</rows>
  <cols>3</cols>
  <dt>d</dt>
  <data>
    6.4853985613444888e+002 0. 3.4546539002999754e+002 0.
    6.4715356504632121e+002 2.2798389572345479e+002 0. 0. 1.</data></I>
</opencv_storage>
