<?xml version="1.0"?>
<opencv_storage>
<D type_id="opencv-matrix">
  <rows>1</rows>
  <cols>5</cols>
  <dt>d</dt>
  <data>
    -4.1127101316179937e-001 3.6787093364212026e-001
    9.3788205087703828e-004 1.1754185856246889e-004
    -3.0638688925994589e-001</data></D>
</opencv_storage>
