<?xml version="1.0"?>
<opencv_storage>
<I type_id="opencv-matrix">
  <rows>3</rows>
  <cols>3</cols>
  <dt>d</dt>
  <data>
    6.5002680540280960e+002 0. 3.3475310566392926e+002 0.
    6.4819150327003285e+002 2.5962169422203982e+002 0. 0. 1.</data></I>
</opencv_storage>
