<?xml version="1.0"?>
<opencv_storage>
<CM1 type_id="opencv-matrix">
  <rows>3</rows>
  <cols>3</cols>
  <dt>d</dt>
  <data>
    6.4853985613444888e+002 0. 3.4546539002999754e+002 0.
    6.4715356504632121e+002 2.2798389572345479e+002 0. 0. 1.</data></CM1>
<CM2 type_id="opencv-matrix">
  <rows>3</rows>
  <cols>3</cols>
  <dt>d</dt>
  <data>
    6.5002680540280960e+002 0. 3.3475310566392926e+002 0.
    6.4819150327003285e+002 2.5962169422203982e+002 0. 0. 1.</data></CM2>
<D1 type_id="opencv-matrix">
  <rows>1</rows>
  <cols>5</cols>
  <dt>d</dt>
  <data>
    -4.0159208996055945e-001 3.5972825004270326e-001
    8.5648667003163960e-004 4.3470188903429790e-004
    -3.0792455215362513e-001</data></D1>
<D2 type_id="opencv-matrix">
  <rows>1</rows>
  <cols>5</cols>
  <dt>d</dt>
  <data>
    -4.1127101316179937e-001 3.6787093364212026e-001
    9.3788205087703828e-004 1.1754185856246889e-004
    -3.0638688925994589e-001</data></D2>
<R type_id="opencv-matrix">
  <rows>3</rows>
  <cols>3</cols>
  <dt>d</dt>
  <data>
    9.4548669001947527e-001 9.5737817719757697e-004
    -3.2565933492384735e-001 -4.0510966866255348e-003
    9.9995288048590691e-001 -8.8218718860160542e-003
    3.2563554414660012e-001 9.6602399019638588e-003
    9.4544601757762148e-001</data></R>
<T type_id="opencv-matrix">
  <rows>3</rows>
  <cols>1</cols>
  <dt>d</dt>
  <data>
    3.8867812922008608e+002 -2.4185810580861875e+000
    5.8544399711306490e+001</data></T>
<E type_id="opencv-matrix">
  <rows>3</rows>
  <cols>3</cols>
  <dt>d</dt>
  <data>
    -5.5040693522160089e-001 -5.8565005200882680e+001
    -1.7701666356593948e+000 -7.1214463404244995e+001
    -3.6986748422318034e+000 -3.8653971966415048e+002
    7.1216351770640762e-001 3.8866213039222345e+002
    -4.2165021597117551e+000</data></E>
<F type_id="opencv-matrix">
  <rows>3</rows>
  <cols>3</cols>
  <dt>d</dt>
  <data>
    1.0636242209431805e-007 1.1341534813993722e-005
    -2.4005840175568924e-003 1.3800679168082644e-005
    7.1830308173380627e-007 4.3649201295898311e-002
    -3.7080180599546463e-003 -5.2908811100060883e-002
    9.9999999999999989e-001</data></F>
</opencv_storage>
